1 10 20
100 200 125
201 210 89
900 1000 174
100000 100000 129
200000 200000 130
300000 300000 53
400000 400000 131
500000 500000 152
600000 600000 54
700000 700000 168
800000 800000 132
900000 900000 158
999999 999999 259
5 10 20
15 20 21
25 30 112
35 40 35
45 50 105
55 60 113
65 70 28
75 80 36
85 90 31
95 100 119
500 100 144
1500 2000 180
2500 3000 217
3500 4000 238
4500 5000 210
5500 6000 236
6500 7000 257
7500 8000 252
8500 9000 247
9500 10000 242
5000 10000 262
15000 20000 279
25000 30000 308
35000 40000 324
45000 50000 314
55000 60000 322
65000 70000 312
75000 80000 351
85000 90000 333
95000 100000 328
1 1 1
2 2 2
3 3 8
4 4 3
5 5 6
10 1 20
200 100 125
210 201 89
1000 900 174
100 100 26
200 200 27
300 300 17
400 400 28
500 500 111
600 600 18
700 700 83
800 800 29
900 900 55
999 999 50
10 5 20
20 15 21
30 25 112
40 35 35
50 45 105
60 55 113
70 65 28
80 75 36
90 85 31
100 95 119
1000 500 179
2000 1500 180
3000 2500 217
4000 3500 238
5000 4500 210
6000 5500 236
7000 6500 257
8000 7500 252
9000 8500 247
10000 9500 242
10000 5000 262
20000 15000 279
30000 25000 308
40000 35000 324
50000 45000 314
60000 55000 322
70000 65000 312
80000 75000 351
90000 85000 333
100000 95000 328
10 10 7
20 20 8
30 30 19
40 40 9
50 50 25
60 60 20
70 70 15
80 80 10
90 90 18
100 100 26
1000 1000 112
2000 2000 113
3000 3000 49
4000 4000 114
5000 5000 29
6000 6000 50
7000 7000 32
8000 8000 115
9000 9000 48
10000 10000 30
